NEOPT: [0.000839, 0.005828, 0.091772, 0.792691, 6.423496, 14.06153, 41.347481, 71.826584]
BLAS: [0.000181, 0.000512, 0.005116, 0.032599, 0.233022, 0.445353, 1.186149, 1.749112]
OPTM: [0.000186, 0.001152, 0.015906, 0.123097, 0.953743, 1.864316, 5.384411, 8.268371]
OPTF: [0.000251, 0.000726, 0.010961, 0.154126, 1.133801, 2.528282, 8.75084, 15.273104]
