NEOPT: [0.000899, 0.006516, 0.102699, 0.893512, 6.425604, 13.368825, 40.205124, 72.090683]
BLAS: [0.00016, 0.000452, 0.00457, 0.029823, 0.212815, 0.400342, 1.039432, 1.541426]
OPTM: [0.000501, 0.003513, 0.048535, 0.384198, 3.044429, 6.027595, 16.286535, 24.265646]
OPTF: [9.9e-05, 0.000573, 0.007369, 0.068973, 0.537591, 1.073207, 4.614759, 7.586296]
